-150	-800	1.9746 << added
-150	-750	1.9188 << added
-150	-700	1.8630 << added
-150	-650	1.8072 << added
-150	-600	1.7514 << added
-150	-550	1.6956 << added
-150	-500	1.6398
-150	-450	1.5841
-150	-400	1.4211
-150	-350	1.3702
-150	-300	1.3129
-150	-250	1.1946
-150	-200	1.1059
-150	-150	1.0722
-150	-100	1.0087
-150	 -50	0.9663
-150	   0	0.9285
-150	  50	0.9492
-150	 100	0.9489
-150	 150	1.0442
-150	 200	1.0320
-150	 250	1.0413
-150	 300	1.0347
-150	 350	0.9717
-150	 400	0.9550
-150	 450	1.0193
-150	 500	0.9468
-150   550  0.8742 << added
-150   600  0.8017 << added
-150   650  0.7292 << added
-150   700  0.6566 << added
-150   750  0.5841 << added
-150   800  0.5115 << added

-100	-800	2.2247 << added
-100	-750	2.0869 << added
-100	-700	1.9491 << added
-100	-650	1.8113 << added
-100	-600	1.6735
-100	-550	1.5357
-100	-500	1.4337
-100	-450	1.5085
-100	-400	1.4537
-100	-350	1.3951
-100	-300	1.2571
-100	-250	1.2054
-100	-200	1.1386
-100	-150	1.0573
-100	-100	1.0488
-100	 -50	1.0039
-100	   0	0.9679
-100	  50	0.9521
-100	 100	0.9531
-100	 150	0.9425
-100	 200	0.9560
-100	 250	0.9886
-100	 300	0.9894
-100	 350	1.0349
-100	 400	1.0278
-100	 450	1.0387
-100	 500	1.0508
-100	 550	1.0646
-100	 600	1.0935
-100   650  1.1223 << added
-100   700  1.1512 << added
-100   750  1.1800 << added
-100   800  1.2089 << added

 -50  -800  2.3956 << added   
 -50  -750  2.2129 << added   
 -50  -700  2.0301 << added   
 -50  -650  1.8473 << added   
 -50	-600	1.6645
 -50	-550	1.4817
 -50	-500	1.3812
 -50	-450	1.2527
 -50	-400	1.2183
 -50	-350	1.2406
 -50	-300	1.1763
 -50	-250	1.1810
 -50	-200	1.1535
 -50	-150	1.1445
 -50	-100	1.1172
 -50	 -50	1.0733
 -50	   0	1.0149
 -50	  50	0.9862
 -50	 100	0.9717
 -50	 150	0.9558
 -50	 200	0.9505
 -50	 250	0.9476
 -50	 300	0.9341
 -50	 350	0.9884
 -50	 400	1.0278
 -50	 450	1.0328
 -50	 500	1.0524
 -50	 550	1.0564
 -50	 600	1.0657
 -50	 650	1.0749 << added
 -50	 700	1.0842 << added
 -50	 750	1.0935 << added
 -50	 800	1.1027 << added

   0  -800  4.9607 << added
   0  -750  4.0257 << added
   0	-700	3.0907
   0	-650	2.1558
   0	-600	1.7391
   0	-550	1.5751
   0	-500	1.3481
   0	-450	1.2344
   0	-400	1.1177
   0	-350	1.1064
   0	-300	1.1542
   0	-250	1.2028
   0	-200	1.1789
   0	-150	1.1794
   0	-100	1.1275
   0	 -50	1.0900
   0	   0	1.0000
   0	  50	1.0098
   0	 100	0.9961
   0	 150	0.9918
   0	 200	0.9234
   0	 250	0.9797
   0	 300	0.9815
   0	 350	0.9823
   0	 400	0.9650
   0	 450	1.0447
   0	 500	0.9941
   0	 550	1.0851
   0	 600	1.2057
   0	 650	1.3949
   0	 700	1.5907
   0   750  1.7866 << added
   0   800  1.9825 << added

  50  -800  2.3956 << added   
  50  -750  2.2129 << added   
  50  -700  2.0301 << added   
  50  -650  1.8473 << added   
  50	-600	1.6645
  50	-550	1.4817
  50	-500	1.3812
  50	-450	1.2527
  50	-400	1.2183
  50	-350	1.2406
  50	-300	1.1763
  50	-250	1.1810
  50	-200	1.1535
  50	-150	1.1445
  50	-100	1.1172
  50	 -50	1.0733
  50	   0	1.0149
  50	  50	0.9862
  50	 100	0.9717
  50	 150	0.9558
  50	 200	0.9505
  50	 250	0.9476
  50	 300	0.9341
  50	 350	0.9884
  50	 400	1.0278
  50	 450	1.0328
  50	 500	1.0524
  50	 550	1.0564
  50	 600	1.0657
  50	 650	1.0749 << added
  50	 700	1.0842 << added
  50	 750	1.0935 << added
  50	 800	1.1027 << added

 100	-800	2.2247 << added
 100	-750	2.0869 << added
 100	-700	1.9491 << added
 100	-650	1.8113 << added
 100	-600	1.6735
 100	-550	1.5357
 100	-500	1.4337
 100	-450	1.5085
 100	-400	1.4537
 100	-350	1.3951
 100	-300	1.2571
 100	-250	1.2054
 100	-200	1.1386
 100	-150	1.0573
 100	-100	1.0488
 100	 -50	1.0039
 100	   0	0.9679
 100	  50	0.9521
 100	 100	0.9531
 100	 150	0.9425
 100	 200	0.9560
 100	 250	0.9886
 100	 300	0.9894
 100	 350	1.0349
 100	 400	1.0278
 100	 450	1.0387
 100	 500	1.0508
 100	 550	1.0646
 100	 600	1.0935
 100   650  1.1223 << added
 100   700  1.1512 << added
 100   750  1.1800 << added
 100   800  1.2089 << added

 150	-800	1.9746 << added
 150	-750	1.9188 << added
 150	-700	1.8630 << added
 150	-650	1.8072 << added
 150	-600	1.7514 << added
 150	-550	1.6956 << added
 150	-500	1.6398
 150	-450	1.5841
 150	-400	1.4211
 150	-350	1.3702
 150	-300	1.3129
 150	-250	1.1946
 150	-200	1.1059
 150	-150	1.0722
 150	-100	1.0087
 150	 -50	0.9663
 150	   0	0.9285
 150	  50	0.9492
 150	 100	0.9489
 150	 150	1.0442
 150	 200	1.0320
 150	 250	1.0413
 150	 300	1.0347
 150	 350	0.9717
 150	 400	0.9550
 150	 450	1.0193
 150	 500	0.9468
 150   550  0.8742 << added
 150   600  0.8017 << added
 150   650  0.7292 << added
 150   700  0.6566 << added
 150   750  0.5841 << added
 150   800  0.5115 << added
